0.803965089863
-1.02975863171
0.237631538562
0.190479170541
-0.308571575748
-0.118116672595
-0.837045421721
-0.634373482279
-0.185892286267
-0.338330560656
-0.293319490663
-0.0989781170943
-2.45667234167
0.759877397206
0.535189104758
-0.211488231566
0.77053823845
-0.498087444326
0.3007083572
-0.0699649042011
-0.0679960117339
-0.0100735109253
0.00317338576312
0.499708462434
-0.859047153019
-0.405798316885
-0.605092541396
-0.563871564704
-0.746414582033
-0.201893929895
-0.385370014762
-0.31588711829
0.0796547315655
-0.858379344831
-0.391410383135
-0.51774709958
0.422680477831
-0.58504843655
-0.37430436003
0.0135836979206
-0.339133797023
-0.20171518042
-0.501291124569
-0.101518798373
0.0352188555885
-0.77617718046
-0.497872814183
-0.152176931401
-0.382329170968
0.410882446559
-0.114033855655
-0.0832383364315
0.0278504519472
-0.137013479325
-0.31089906424
0.240125397885
0.425166660489
-0.555891810201
-1.89648426213
0.0998796804909
-1.01315978345
-0.162098096154
0.155334076289
-0.351966290423
-0.639774624333
-0.0822509965184
1.21774442556
-0.4259448857
-0.497449914222
1.53845007842
-0.67586367848
-0.143057842281
0.440706505478
-0.433138525268
-0.656367369958
0.2731436244
-0.709694887298
-0.453560515115
-0.136325620051
-0.306502176908
-0.652818330223
-0.75298218563
0.0321687907259
0.185534567155
-0.506047116804
0.199960576722
0.645179784089
-0.375583946696
-0.482861069953
-0.00353102351763
-0.99971458258
-0.299723226118
-0.0389191520556
0.0213443106339
-0.177326233201
0.490968595403
-0.996376187983
-0.430422563864
-0.253620077541
-0.534469458896
